{
  "accessors": [
    {
      "bufferView": 0,
      "componentType": 5125,
      "count": 1326,
      "max": [
        268
      ],
      "min": [
        0
      ],
      "type": "SCALAR"
    },
    {
      "bufferView": 1,
      "componentType": 5125,
      "count": 1326,
      "max": [
        537
      ],
      "min": [
        269
      ],
      "type": "SCALAR"
    },
    {
      "bufferView": 2,
      "componentType": 5125,
      "count": 3384,
      "max": [
        1230
      ],
      "min": [
        538
      ],
      "type": "SCALAR"
    },
    {
      "bufferView": 3,
      "componentType": 5126,
      "count": 1231,
      "max": [
        0.08587206900119781,
        1.6379107236862183,
        -0.03707779943943024
      ],
      "min": [
        -0.08669203519821167,
        1.6181021928787231,
        -0.0870811864733696
      ],
      "type": "VEC3"
    },
    {
      "bufferView": 4,
      "componentType": 5126,
      "count": 1231,
      "max": [
        0.8449693322181702,
        0.8918063640594482,
        0.9524146318435669
      ],
      "min": [
        -0.8750224113464355,
        -0.891560435295105,
        -0.8912556767463684
      ],
      "type": "VEC3"
    },
    {
      "bufferView": 5,
      "componentType": 5126,
      "count": 1231,
      "max": [
        93.650390625,
        8.5
      ],
      "min": [
        -93.650390625,
        -8.5
      ],
      "type": "VEC2"
    },
    {
      "bufferView": 6,
      "componentType": 5125,
      "count": 1839,
      "max": [
        371
      ],
      "min": [
        0
      ],
      "type": "SCALAR"
    },
    {
      "bufferView": 7,
      "componentType": 5125,
      "count": 1839,
      "max": [
        743
      ],
      "min": [
        372
      ],
      "type": "SCALAR"
    },
    {
      "bufferView": 8,
      "componentType": 5125,
      "count": 4644,
      "max": [
        1681
      ],
      "min": [
        744
      ],
      "type": "SCALAR"
    },
    {
      "bufferView": 9,
      "componentType": 5126,
      "count": 1682,
      "max": [
        0.08620669692754745,
        1.636293649673462,
        0.04639703407883644
      ],
      "min": [
        -0.08711935579776764,
        1.5608046054840088,
        -0.042142901569604874
      ],
      "type": "VEC3"
    },
    {
      "bufferView": 10,
      "componentType": 5126,
      "count": 1682,
      "max": [
        0.8698490858078003,
        0.9435272812843323,
        0.9629920721054077
      ],
      "min": [
        -0.8784180283546448,
        -0.8844728469848633,
        -0.962999701499939
      ],
      "type": "VEC3"
    },
    {
      "bufferView": 11,
      "componentType": 5126,
      "count": 1682,
      "max": [
        136.16224670410156,
        8.5
      ],
      "min": [
        -136.16224670410156,
        -8.5
      ],
      "type": "VEC2"
    },
    {
      "bufferView": 12,
      "componentType": 5125,
      "count": 132402,
      "max": [
        22319
      ],
      "min": [
        0
      ],
      "type": "SCALAR"
    },
    {
      "bufferView": 13,
      "componentType": 5125,
      "count": 132402,
      "max": [
        44639
      ],
      "min": [
        22320
      ],
      "type": "SCALAR"
    },
    {
      "bufferView": 14,
      "componentType": 5125,
      "count": 18144,
      "max": [
        48251
      ],
      "min": [
        44640
      ],
      "type": "SCALAR"
    },
    {
      "bufferView": 15,
      "componentType": 5126,
      "count": 48252,
      "max": [
        0.2065085917711258,
        1.6276650428771973,
        0.1597357988357544
      ],
      "min": [
        -0.20776261389255524,
        0.9531122446060181,
        -0.042154423892498016
      ],
      "type": "VEC3"
    },
    {
      "bufferView": 16,
      "componentType": 5126,
      "count": 48252,
      "max": [
        0.999991774559021,
        0.9409497976303101,
        0.9998284578323364
      ],
      "min": [
        -0.999991774559021,
        -0.99686598777771,
        -0.9998282790184021
      ],
      "type": "VEC3"
    },
    {
      "bufferView": 17,
      "componentType": 5126,
      "count": 48252,
      "max": [
        256.3089294433594,
        297.71990966796875
      ],
      "min": [
        -256.3175048828125,
        -406.47247314453125
      ],
      "type": "VEC2"
    },
    {
      "bufferView": 18,
      "componentType": 5125,
      "count": 144126,
      "max": [
        24267
      ],
      "min": [
        0
      ],
      "type": "SCALAR"
    },
    {
      "bufferView": 19,
      "componentType": 5125,
      "count": 144126,
      "max": [
        48535
      ],
      "min": [
        24268
      ],
      "type": "SCALAR"
    },
    {
      "bufferView": 20,
      "componentType": 5125,
      "count": 17712,
      "max": [
        52063
      ],
      "min": [
        48536
      ],
      "type": "SCALAR"
    },
    {
      "bufferView": 21,
      "componentType": 5126,
      "count": 52064,
      "max": [
        0.2079797089099884,
        1.629104495048523,
        0.0087042897939682
      ],
      "min": [
        -0.20775645971298218,
        0.9362870454788208,
        -0.14934851229190826
      ],
      "type": "VEC3"
    },
    {
      "bufferView": 22,
      "componentType": 5126,
      "count": 52064,
      "max": [
        0.9992398023605347,
        0.9839087128639221,
        0.9999995827674866
      ],
      "min": [
        -0.9953094720840454,
        -0.99446702003479,
        -0.9999995827674866
      ],
      "type": "VEC3"
    },
    {
      "bufferView": 23,
      "componentType": 5126,
      "count": 52064,
      "max": [
        256.2732849121094,
        344.4010009765625
      ],
      "min": [
        -256.2651672363281,
        -385.6163024902344
      ],
      "type": "VEC2"
    },
    {
      "bufferView": 24,
      "componentType": 5125,
      "count": 24030,
      "max": [
        4107
      ],
      "min": [
        0
      ],
      "type": "SCALAR"
    },
    {
      "bufferView": 25,
      "componentType": 5125,
      "count": 24030,
      "max": [
        8215
      ],
      "min": [
        4108
      ],
      "type": "SCALAR"
    },
    {
      "bufferView": 26,
      "componentType": 5125,
      "count": 7344,
      "max": [
        9678
      ],
      "min": [
        8216
      ],
      "type": "SCALAR"
    },
    {
      "bufferView": 27,
      "componentType": 5126,
      "count": 9679,
      "max": [
        0.3258504271507263,
        1.5755043029785156,
        0.043447691947221756
      ],
      "min": [
        0.1786404252052307,
        1.3577498197555542,
        -0.11446479707956314
      ],
      "type": "VEC3"
    },
    {
      "bufferView": 28,
      "componentType": 5126,
      "count": 9679,
      "max": [
        0.9028318524360657,
        0.9935174584388733,
        0.99996018409729
      ],
      "min": [
        -0.9994767308235168,
        -0.993533730506897,
        -0.9999439716339111
      ],
      "type": "VEC3"
    },
    {
      "bufferView": 29,
      "componentType": 5126,
      "count": 9679,
      "max": [
        198.5648193359375,
        102.029052734375
      ],
      "min": [
        -198.56475830078125,
        -101.9967041015625
      ],
      "type": "VEC2"
    },
    {
      "bufferView": 30,
      "componentType": 5125,
      "count": 23898,
      "max": [
        4085
      ],
      "min": [
        0
      ],
      "type": "SCALAR"
    },
    {
      "bufferView": 31,
      "componentType": 5125,
      "count": 23898,
      "max": [
        8171
      ],
      "min": [
        4086
      ],
      "type": "SCALAR"
    },
    {
      "bufferView": 32,
      "componentType": 5125,
      "count": 7344,
      "max": [
        9634
      ],
      "min": [
        8172
      ],
      "type": "SCALAR"
    },
    {
      "bufferView": 33,
      "componentType": 5126,
      "count": 9635,
      "max": [
        -0.1801571100950241,
        1.5748897790908813,
        0.0432635173201561
      ],
      "min": [
        -0.3271026909351349,
        1.3555173873901367,
        -0.11441069096326828
      ],
      "type": "VEC3"
    },
    {
      "bufferView": 34,
      "componentType": 5126,
      "count": 9635,
      "max": [
        0.9999589323997498,
        0.9942716956138611,
        0.9999977350234985
      ],
      "min": [
        -0.8968924880027771,
        -0.9944136738777161,
        -0.9999973773956299
      ],
      "type": "VEC3"
    },
    {
      "bufferView": 35,
      "componentType": 5126,
      "count": 9635,
      "max": [
        198.56475830078125,
        102.029052734375
      ],
      "min": [
        -198.5648193359375,
        -101.9967041015625
      ],
      "type": "VEC2"
    }
  ],
  "asset": {
    "generator": "CLO Standalone OnlineAuth",
    "version": "2.0"
  },
  "bufferViews": [
    {
      "buffer": 0,
      "byteLength": 5304
    },
    {
      "buffer": 0,
      "byteLength": 5304,
      "byteOffset": 5304
    },
    {
      "buffer": 0,
      "byteLength": 13536,
      "byteOffset": 10608
    },
    {
      "buffer": 0,
      "byteLength": 14772,
      "byteOffset": 24144
    },
    {
      "buffer": 0,
      "byteLength": 14772,
      "byteOffset": 38916
    },
    {
      "buffer": 0,
      "byteLength": 9848,
      "byteOffset": 53688
    },
    {
      "buffer": 0,
      "byteLength": 7356,
      "byteOffset": 63536
    },
    {
      "buffer": 0,
      "byteLength": 7356,
      "byteOffset": 70892
    },
    {
      "buffer": 0,
      "byteLength": 18576,
      "byteOffset": 78248
    },
    {
      "buffer": 0,
      "byteLength": 20184,
      "byteOffset": 96824
    },
    {
      "buffer": 0,
      "byteLength": 20184,
      "byteOffset": 117008
    },
    {
      "buffer": 0,
      "byteLength": 13456,
      "byteOffset": 137192
    },
    {
      "buffer": 0,
      "byteLength": 529608,
      "byteOffset": 150648
    },
    {
      "buffer": 0,
      "byteLength": 529608,
      "byteOffset": 680256
    },
    {
      "buffer": 0,
      "byteLength": 72576,
      "byteOffset": 1209864
    },
    {
      "buffer": 0,
      "byteLength": 579024,
      "byteOffset": 1282440
    },
    {
      "buffer": 0,
      "byteLength": 579024,
      "byteOffset": 1861464
    },
    {
      "buffer": 0,
      "byteLength": 386016,
      "byteOffset": 2440488
    },
    {
      "buffer": 0,
      "byteLength": 576504,
      "byteOffset": 2826504
    },
    {
      "buffer": 0,
      "byteLength": 576504,
      "byteOffset": 3403008
    },
    {
      "buffer": 0,
      "byteLength": 70848,
      "byteOffset": 3979512
    },
    {
      "buffer": 0,
      "byteLength": 624768,
      "byteOffset": 4050360
    },
    {
      "buffer": 0,
      "byteLength": 624768,
      "byteOffset": 4675128
    },
    {
      "buffer": 0,
      "byteLength": 416512,
      "byteOffset": 5299896
    },
    {
      "buffer": 0,
      "byteLength": 96120,
      "byteOffset": 5716408
    },
    {
      "buffer": 0,
      "byteLength": 96120,
      "byteOffset": 5812528
    },
    {
      "buffer": 0,
      "byteLength": 29376,
      "byteOffset": 5908648
    },
    {
      "buffer": 0,
      "byteLength": 116148,
      "byteOffset": 5938024
    },
    {
      "buffer": 0,
      "byteLength": 116148,
      "byteOffset": 6054172
    },
    {
      "buffer": 0,
      "byteLength": 77432,
      "byteOffset": 6170320
    },
    {
      "buffer": 0,
      "byteLength": 95592,
      "byteOffset": 6247752
    },
    {
      "buffer": 0,
      "byteLength": 95592,
      "byteOffset": 6343344
    },
    {
      "buffer": 0,
      "byteLength": 29376,
      "byteOffset": 6438936
    },
    {
      "buffer": 0,
      "byteLength": 115620,
      "byteOffset": 6468312
    },
    {
      "buffer": 0,
      "byteLength": 115620,
      "byteOffset": 6583932
    },
    {
      "buffer": 0,
      "byteLength": 77080,
      "byteOffset": 6699552
    }
  ],
  "buffers": [
    {
      "byteLength": 6776632,
      "uri": "T_shirt_gltf.zip.bin"
    }
  ],
  "extensionsUsed": [
    "KHR_materials_specular"
  ],
  "materials": [
    {
      "extensions": {
        "KHR_materials_specular": {
          "specularFactor": 0.15000000596046448
        }
      },
      "name": "Body_FRONT_2664",
      "pbrMetallicRoughness": {
        "metallicFactor": 0.0,
        "roughnessFactor": 0.5
      }
    },
    {
      "extensions": {
        "KHR_materials_specular": {
          "specularFactor": 0.15000000596046448
        }
      },
      "name": "Sleeves_FRONT_2669",
      "pbrMetallicRoughness": {
        "metallicFactor": 0.0,
        "roughnessFactor": 0.5
      }
    }
  ],
  "meshes": [
    {
      "name": "Ribbing",
      "primitives": [
        {
          "attributes": {
            "NORMAL": 4,
            "POSITION": 3,
            "TEXCOORD_0": 5
          },
          "indices": 0,
          "material": 0
        },
        {
          "attributes": {
            "NORMAL": 4,
            "POSITION": 3,
            "TEXCOORD_0": 5
          },
          "indices": 1,
          "material": 0
        },
        {
          "attributes": {
            "NORMAL": 4,
            "POSITION": 3,
            "TEXCOORD_0": 5
          },
          "indices": 2,
          "material": 0
        }
      ]
    },
    {
      "name": "Ribbing",
      "primitives": [
        {
          "attributes": {
            "NORMAL": 10,
            "POSITION": 9,
            "TEXCOORD_0": 11
          },
          "indices": 6,
          "material": 0
        },
        {
          "attributes": {
            "NORMAL": 10,
            "POSITION": 9,
            "TEXCOORD_0": 11
          },
          "indices": 7,
          "material": 0
        },
        {
          "attributes": {
            "NORMAL": 10,
            "POSITION": 9,
            "TEXCOORD_0": 11
          },
          "indices": 8,
          "material": 0
        }
      ]
    },
    {
      "name": "Body_Front",
      "primitives": [
        {
          "attributes": {
            "NORMAL": 16,
            "POSITION": 15,
            "TEXCOORD_0": 17
          },
          "indices": 12,
          "material": 0
        },
        {
          "attributes": {
            "NORMAL": 16,
            "POSITION": 15,
            "TEXCOORD_0": 17
          },
          "indices": 13,
          "material": 0
        },
        {
          "attributes": {
            "NORMAL": 16,
            "POSITION": 15,
            "TEXCOORD_0": 17
          },
          "indices": 14,
          "material": 0
        }
      ]
    },
    {
      "name": "Body_Back",
      "primitives": [
        {
          "attributes": {
            "NORMAL": 22,
            "POSITION": 21,
            "TEXCOORD_0": 23
          },
          "indices": 18,
          "material": 0
        },
        {
          "attributes": {
            "NORMAL": 22,
            "POSITION": 21,
            "TEXCOORD_0": 23
          },
          "indices": 19,
          "material": 0
        },
        {
          "attributes": {
            "NORMAL": 22,
            "POSITION": 21,
            "TEXCOORD_0": 23
          },
          "indices": 20,
          "material": 0
        }
      ]
    },
    {
      "name": "Sleeves",
      "primitives": [
        {
          "attributes": {
            "NORMAL": 28,
            "POSITION": 27,
            "TEXCOORD_0": 29
          },
          "indices": 24,
          "material": 1
        },
        {
          "attributes": {
            "NORMAL": 28,
            "POSITION": 27,
            "TEXCOORD_0": 29
          },
          "indices": 25,
          "material": 1
        },
        {
          "attributes": {
            "NORMAL": 28,
            "POSITION": 27,
            "TEXCOORD_0": 29
          },
          "indices": 26,
          "material": 1
        }
      ]
    },
    {
      "name": "Sleeves",
      "primitives": [
        {
          "attributes": {
            "NORMAL": 34,
            "POSITION": 33,
            "TEXCOORD_0": 35
          },
          "indices": 30,
          "material": 1
        },
        {
          "attributes": {
            "NORMAL": 34,
            "POSITION": 33,
            "TEXCOORD_0": 35
          },
          "indices": 31,
          "material": 1
        },
        {
          "attributes": {
            "NORMAL": 34,
            "POSITION": 33,
            "TEXCOORD_0": 35
          },
          "indices": 32,
          "material": 1
        }
      ]
    }
  ],
  "nodes": [
    {
      "children": [
        1,
        8
      ],
      "name": "T_shirt_gltf.zip_Scene_Node"
    },
    {
      "children": [
        2,
        3,
        4,
        5,
        6,
        7
      ],
      "name": "Cloth"
    },
    {
      "mesh": 0,
      "name": "Ribbing_Node"
    },
    {
      "mesh": 1,
      "name": "Ribbing_Node"
    },
    {
      "mesh": 2,
      "name": "Body_Front_Node"
    },
    {
      "mesh": 3,
      "name": "Body_Back_Node"
    },
    {
      "mesh": 4,
      "name": "Sleeves_Node"
    },
    {
      "mesh": 5,
      "name": "Sleeves_Node"
    },
    {
      "children": [
        9,
        24
      ],
      "matrix": [
        1.0,
        0.0,
        0.0,
        0.0,
        0.0,
        1.0,
        0.0,
        0.0,
        0.0,
        0.0,
        1.0,
        0.0,
        -0.00015542507753707469,
        1.090221643447876,
        -0.001043235883116722,
        1.0
      ],
      "name": "Joint"
    },
    {
      "children": [
        10,
        17
      ],
      "matrix": [
        1.0,
        0.0,
        0.0,
        0.0,
        0.0,
        1.0,
        0.0,
        0.0,
        0.0,
        0.0,
        1.0,
        0.0,
        1.5735626845980732e-07,
        -0.0216210950165987,
        -0.0019908638205379248,
        1.0
      ],
      "name": "Pelvis"
    },
    {
      "children": [
        11
      ],
      "matrix": [
        0.008965256623923779,
        0.999364972114563,
        -0.03449617698788643,
        0.0,
        0.9999597072601318,
        -0.008987905457615852,
        -0.0004998893709853292,
        0.0,
        -0.0008096169913187623,
        -0.03449027240276337,
        -0.99940425157547,
        0.0,
        -0.09953663498163223,
        -0.09530652314424515,
        -0.010162846185266972,
        1.0
      ],
      "name": "Right_thigh"
    },
    {
      "children": [
        12
      ],
      "matrix": [
        0.9999999403953552,
        9.343184501631185e-07,
        -0.003174029290676117,
        0.0,
        -8.372589945793152e-07,
        0.9999986886978149,
        -4.831235855817795e-08,
        0.0,
        0.00317402184009552,
        4.877801984548569e-08,
        0.9999985694885254,
        0.0,
        -0.21582520008087158,
        0.006738747004419565,
        0.005195370875298977,
        1.0
      ],
      "name": "Right_thigh1"
    },
    {
      "children": [
        13
      ],
      "matrix": [
        0.9937470555305481,
        -0.018792472779750824,
        -0.11003239452838898,
        0.0,
        0.018807269632816315,
        0.9998260736465454,
        -0.000900559825822711,
        0.0,
        0.11003050208091736,
        -0.0011745120864361525,
        0.9939351081848145,
        0.0,
        -0.21557112038135529,
        -0.0018417511601001024,
        0.015237204730510712,
        1.0
      ],
      "name": "Right_shin"
    },
    {
      "children": [
        14,
        16
      ],
      "matrix": [
        0.3573807179927826,
        0.21639962494373322,
        0.9085410833358765,
        0.0,
        0.01907992921769619,
        0.9708924293518066,
        -0.23875203728675842,
        0.0,
        -0.9337676167488098,
        0.10266096889972687,
        0.34284573793411255,
        0.0,
        -0.454033225774765,
        -0.0060685123316943645,
        -0.02106609009206295,
        1.0
      ],
      "name": "Right_ankle"
    },
    {
      "children": [
        15
      ],
      "matrix": [
        0.9038270711898804,
        -0.01722922921180725,
        0.42755016684532166,
        0.0,
        0.015544116497039795,
        0.9998500347137451,
        0.00743141770362854,
        0.0,
        -0.42761266231536865,
        -7.10818130755797e-05,
        0.9039601683616638,
        0.0,
        -0.14963611960411072,
        -0.0012387848692014813,
        -0.000156463633175008,
        1.0
      ],
      "name": "Right_toe"
    },
    {
      "matrix": [
        1.0000019073486328,
        -1.9371509552001953e-07,
        -1.682201400399208e-07,
        0.0,
        1.1920928955078125e-07,
        0.9999997019767761,
        3.020759322680533e-07,
        0.0,
        2.0756851881742477e-07,
        -1.669541234150529e-07,
        1.0000044107437134,
        0.0,
        -0.07920956611633301,
        -0.0017683182377368212,
        -0.0019352284725755453,
        1.0
      ],
      "name": "Right_toe_Tip"
    },
    {
      "matrix": [
        0.9999992251396179,
        -3.5762775496550603e-07,
        -2.0861783411874057e-07,
        0.0,
        9.238717666448792e-07,
        1.0000003576278687,
        7.078068620103295e-08,
        0.0,
        -3.2782395464892033e-07,
        1.1548377187864389e-07,
        0.9999993443489075,
        0.0,
        -0.0039154053665697575,
        -0.00012162018538219854,
        0.03997912257909775,
        1.0
      ],
      "name": "Right_Heel"
    },
    {
      "children": [
        18
      ],
      "matrix": [
        0.008964896202087402,
        -0.9993646144866943,
        0.03449616581201553,
        0.0,
        0.9999585151672363,
        0.008987477980554104,
        0.0004999241791665554,
        0.0,
        -0.0008096396923065186,
        0.03449028730392456,
        0.9994047284126282,
        0.0,
        0.09953633695840836,
        -0.09530774503946304,
        -0.010162902995944023,
        1.0
      ],
      "name": "Left_thigh"
    },
    {
      "children": [
        19
      ],
      "matrix": [
        1.0000026226043701,
        -1.2130440154578537e-06,
        -0.0031739212572574615,
        0.0,
        1.1853553587570786e-06,
        1.0000019073486328,
        -1.8812716007232666e-07,
        0.0,
        0.0031739138066768646,
        1.8783612176775932e-07,
        1.0000004768371582,
        0.0,
        0.21582330763339996,
        -0.006738136522471905,
        -0.00519529078155756,
        1.0
      ],
      "name": "Left_thigh1"
    },
    {
      "children": [
        20
      ],
      "matrix": [
        0.9937448501586914,
        -0.018791481852531433,
        -0.11003219336271286,
        0.0,
        0.018806496635079384,
        0.9998232126235962,
        -0.0009005356696434319,
        0.0,
        0.11003004014492035,
        -0.0011744388611987233,
        0.9939301013946533,
        0.0,
        0.21557264029979706,
        0.001841713092289865,
        -0.01523717399686575,
        1.0
      ],
      "name": "Left_shin"
    },
    {
      "children": [
        21,
        23
      ],
      "matrix": [
        0.35737723112106323,
        0.21639785170555115,
        0.9085443615913391,
        0.0,
        0.019082117825746536,
        0.970890998840332,
        -0.2387504279613495,
        0.0,
        -0.933767557144165,
        0.10266157239675522,
        0.342842698097229,
        0.0,
        0.45403197407722473,
        0.0060679554007947445,
        0.021066194400191307,
        1.0
      ],
      "name": "Left_ankle"
    },
    {
      "children": [
        22
      ],
      "matrix": [
        0.903827965259552,
        -0.01722654700279236,
        0.4275495707988739,
        0.0,
        0.015540719032287598,
        0.9998525977134705,
        0.007431834936141968,
        0.0,
        -0.4276120662689209,
        -7.279434794327244e-05,
        0.9039616584777832,
        0.0,
        0.1496361494064331,
        0.0012403030414134264,
        0.00015643311780877411,
        1.0
      ],
      "name": "Left_toe"
    },
    {
      "matrix": [
        1.0000015497207642,
        -2.5331974029541016e-07,
        -2.5695771910250187e-07,
        0.0,
        2.980232238769531e-07,
        0.9999984502792358,
        1.2120508472435176e-06,
        0.0,
        2.959277480840683e-07,
        -1.1197334970347583e-06,
        1.0000029802322388,
        0.0,
        0.0792112946510315,
        0.0017626191256567836,
        0.0019356136908754706,
        1.0
      ],
      "name": "Left_toe_Tip"
    },
    {
      "matrix": [
        0.9999992251396179,
        -3.5762775496550603e-07,
        -2.0861783411874057e-07,
        0.0,
        9.238717666448792e-07,
        1.0000003576278687,
        7.078068620103295e-08,
        0.0,
        -3.2782395464892033e-07,
        1.1548377187864389e-07,
        0.9999993443489075,
        0.0,
        0.003915253095328808,
        0.00012172699643997476,
        -0.039979178458452225,
        1.0
      ],
      "name": "Left_Heel"
    },
    {
      "children": [
        25
      ],
      "matrix": [
        3.576277265437966e-07,
        0.9988219738006592,
        0.048515770584344864,
        0.0,
        -0.9999990463256836,
        3.5762755601354e-07,
        6.519252337966464e-08,
        0.0,
        4.656611096720553e-08,
        -0.048515770584344864,
        0.9988219738006592,
        0.0,
        1.5735626845980732e-07,
        0.01848413236439228,
        -0.003200382459908724,
        1.0
      ],
      "name": "Spine"
    },
    {
      "children": [
        26
      ],
      "matrix": [
        0.999971330165863,
        5.956395625617006e-07,
        -0.008565504103899002,
        0.0,
        -5.976938837193302e-07,
        1.0,
        -1.945407746006822e-08,
        0.0,
        0.008565519005060196,
        1.7962868525955855e-08,
        0.9999724626541138,
        0.0,
        0.08706213533878326,
        0.0016701997956261039,
        0.01879953406751156,
        1.0
      ],
      "name": "Spine1"
    },
    {
      "children": [
        27,
        94,
        95
      ],
      "matrix": [
        0.9967338442802429,
        -1.2098811907890195e-07,
        -0.08072664588689804,
        0.0,
        1.2037853025503864e-07,
        1.000001311302185,
        2.687601252659988e-08,
        0.0,
        0.080726757645607,
        -2.8663555085017833e-08,
        0.9967330098152161,
        0.0,
        0.1211095005273819,
        -0.0016702134162187576,
        -0.0021909866482019424,
        1.0
      ],
      "name": "Spine2"
    },
    {
      "children": [
        28,
        34,
        64
      ],
      "matrix": [
        0.9647942781448364,
        4.7025815774759394e-07,
        -0.2630014717578888,
        0.0,
        -4.860203830503451e-07,
        0.9999996423721313,
        2.15025067973329e-07,
        0.0,
        0.26300138235092163,
        -1.4082871757636894e-07,
        0.9647930860519409,
        0.0,
        0.18036450445652008,
        -0.001405745861120522,
        -0.00465750927105546,
        1.0
      ],
      "name": "Spine3"
    },
    {
      "children": [
        29
      ],
      "matrix": [
        0.8878283500671387,
        9.699014071884449e-07,
        0.4601771831512451,
        0.0,
        -6.693730369988771e-07,
        1.0,
        -6.498831908174907e-07,
        0.0,
        -0.4601772427558899,
        3.097273975072312e-07,
        0.8878300786018372,
        0.0,
        0.1320059895515442,
        0.0014056366635486484,
        0.012898987159132957,
        1.0
      ],
      "name": "Neck"
    },
    {
      "children": [
        30
      ],
      "matrix": [
        0.9994530081748962,
        -4.728470344161906e-07,
        0.03312350809574127,
        0.0,
        4.5463013975677313e-07,
        1.0000011920928955,
        -1.6934276914071233e-07,
        0.0,
        -0.03312353789806366,
        1.9634313730421127e-07,
        0.9994514584541321,
        0.0,
        0.0578450970351696,
        1.799009805836249e-05,
        0.006298920139670372,
        1.0
      ],
      "name": "Neck1"
    },
    {
      "children": [
        31,
        32
      ],
      "matrix": [
        0.9733193516731262,
        -8.179936372698648e-08,
        -0.22944951057434082,
        0.0,
        1.3468194026700075e-07,
        0.9999995231628418,
        6.244381722808612e-08,
        0.0,
        0.22944924235343933,
        -1.0660174609711248e-07,
        0.9733191728591919,
        0.0,
        0.06349316984415054,
        -1.7986030798056163e-05,
        -0.004158203490078449,
        1.0
      ],
      "name": "Head"
    },
    {
      "matrix": [
        0.9995933771133423,
        3.9241768347716535e-22,
        0.028547154739499092,
        0.0,
        -3.3827905569783564e-22,
        1.0,
        -3.2358388023178362e-24,
        0.0,
        -0.028547154739499092,
        -7.697737056443747e-24,
        0.9995933771133423,
        0.0,
        0.15414564311504364,
        -1.6442538253613748e-05,
        -0.001553650014102459,
        1.0
      ],
      "name": "Head_Tip"
    },
    {
      "children": [
        33
      ],
      "matrix": [
        -0.7068170309066772,
        1.6559980103975059e-15,
        0.7074010372161865,
        0.0,
        -2.3429193901267596e-15,
        -1.0,
        -4.2206890755518237e-22,
        0.0,
        0.7074010372161865,
        -1.65737338014561e-15,
        0.7068170309066772,
        0.0,
        0.010197144001722336,
        3.278255666927521e-09,
        0.019762147217988968,
        1.0
      ],
      "name": "jaw"
    },
    {
      "matrix": [
        1.0,
        3.677494854781505e-22,
        4.172325418494438e-07,
        0.0,
        3.0145432182274774e-22,
        1.0,
        -3.1763735522036263e-22,
        0.0,
        -4.172325418494438e-07,
        1.0587911840678754e-21,
        1.0,
        0.0,
        0.142681285738945,
        3.278255666927521e-09,
        -0.009658203460276127,
        1.0
      ],
      "name": "jaw_Tip"
    },
    {
      "children": [
        35
      ],
      "matrix": [
        -0.11149567365646362,
        -0.9884696006774902,
        -0.10245423763990402,
        0.0,
        0.977403461933136,
        -0.12770764529705048,
        0.16844527423381805,
        0.0,
        -0.17958727478981018,
        -0.08135879039764404,
        0.9803740382194519,
        0.0,
        0.06473901867866516,
        -0.03144406899809837,
        -0.023759400472044945,
        1.0
      ],
      "name": "Left_Shoulder"
    },
    {
      "children": [
        36
      ],
      "matrix": [
        0.758838415145874,
        -0.6502564549446106,
        -0.03646644204854965,
        0.0,
        0.6512694954872131,
        0.7579583525657654,
        0.036662161350250244,
        0.0,
        0.0038002729415893555,
        -0.05157024413347244,
        0.9986609220504761,
        0.0,
        0.14502590894699097,
        -0.0013056640746071935,
        0.001948547433130443,
        1.0
      ],
      "name": "Left_Arm"
    },
    {
      "children": [
        37
      ],
      "matrix": [
        0.9999468922615051,
        -0.0005840921658091247,
        -0.010382822714745998,
        0.0,
        -0.0017873425967991352,
        0.9739136695861816,
        -0.22691605985164642,
        0.0,
        0.010244530625641346,
        0.2269233614206314,
        0.9738588333129883,
        0.0,
        0.1666753590106964,
        -0.005145019851624966,
        -0.009610985405743122,
        1.0
      ],
      "name": "Left_Arm_middle"
    },
    {
      "children": [
        38
      ],
      "matrix": [
        0.9684063196182251,
        -0.04774235934019089,
        0.24476808309555054,
        0.0,
        0.0446709580719471,
        0.9988377094268799,
        0.01808708906173706,
        0.0,
        -0.24534817039966583,
        -0.006581634283065796,
        0.9694145917892456,
        0.0,
        0.16605696082115173,
        -0.015073486603796482,
        0.01476669404655695,
        1.0
      ],
      "name": "Left_ForeArm"
    },
    {
      "children": [
        39
      ],
      "matrix": [
        0.9993680119514465,
        -0.032284557819366455,
        -0.01489044725894928,
        0.0,
        0.032171204686164856,
        0.9994530081748962,
        -0.007787257432937622,
        0.0,
        0.015133723616600037,
        0.007303416728973389,
        0.9998573064804077,
        0.0,
        0.14057563245296478,
        -0.004586670082062483,
        -0.002857666229829192,
        1.0
      ],
      "name": "Left_ForeArm_middie"
    },
    {
      "children": [
        40,
        45,
        49,
        54,
        59
      ],
      "matrix": [
        0.9922080039978027,
        -0.05751633644104004,
        -0.11051982641220093,
        0.0,
        0.09117896109819412,
        0.939734697341919,
        0.32951849699020386,
        0.0,
        0.08490672707557678,
        -0.33702901005744934,
        0.9376569986343384,
        0.0,
        0.12377719581127167,
        0.002482055686414242,
        0.0036717532202601433,
        1.0
      ],
      "name": "Left_Hand"
    },
    {
      "children": [
        41
      ],
      "matrix": [
        0.9997034072875977,
        -0.010132500901818275,
        0.022168472409248352,
        0.0,
        -0.020337194204330444,
        0.1545703262090683,
        0.9877749681472778,
        0.0,
        -0.013435035943984985,
        -0.987930178642273,
        0.15431739389896393,
        0.0,
        0.02428387477993965,
        0.005754150450229645,
        0.00289077777415514,
        1.0
      ],
      "name": "Left_HandMiddle1"
    },
    {
      "children": [
        42
      ],
      "matrix": [
        0.9953320026397705,
        0.024532943964004517,
        0.09334497153759003,
        0.0,
        -0.020021483302116394,
        0.9985984563827515,
        -0.04896619915962219,
        0.0,
        -0.09441504627466202,
        0.04686855524778366,
        0.9944274425506592,
        0.0,
        0.07818341255187988,
        -0.0032628176268190145,
        -0.00045361329102888703,
        1.0
      ],
      "name": "Left_HandMiddle2"
    },
    {
      "children": [
        43
      ],
      "matrix": [
        0.9973928332328796,
        -0.03448304533958435,
        -0.06340710818767548,
        0.0,
        0.03472444415092468,
        0.9993945360183716,
        0.0027055293321609497,
        0.0,
        0.06327493488788605,
        -0.004900351166725159,
        0.9979861974716187,
        0.0,
        0.052091311663389206,
        -0.0010388793889433146,
        0.001434814534150064,
        1.0
      ],
      "name": "Left_HandMiddle3"
    },
    {
      "children": [
        44
      ],
      "matrix": [
        0.9996364712715149,
        -0.020051777362823486,
        0.017954949289560318,
        0.0,
        0.01995980739593506,
        0.9997863173484802,
        0.005280449986457825,
        0.0,
        -0.018056849017739296,
        -0.004920080304145813,
        0.9998234510421753,
        0.0,
        0.028758393600583076,
        -0.0005585632752627134,
        0.0006516113644465804,
        1.0
      ],
      "name": "Left_HandMiddle4"
    },
    {
      "matrix": [
        0.999999463558197,
        2.205371856689453e-06,
        9.98377799987793e-07,
        0.0,
        1.1809170246124268e-06,
        -1.2814998626708984e-06,
        -0.9999993443489075,
        0.0,
        -2.250075340270996e-06,
        1.0000005960464478,
        -1.2069940567016602e-06,
        0.0,
        0.02690912038087845,
        -0.0005526733584702015,
        0.0006054687546566129,
        1.0
      ],
      "name": "Left_HandMiddle_Tip"
    },
    {
      "children": [
        46
      ],
      "matrix": [
        0.8191663026809692,
        -0.3008703589439392,
        0.4883129596710205,
        0.0,
        0.48247209191322327,
        0.8218311071395874,
        -0.3030047118663788,
        0.0,
        -0.31014561653137207,
        0.4838101863861084,
        0.8183779716491699,
        0.0,
        0.01909799315035343,
        -0.019228028133511543,
        0.03128023073077202,
        1.0
      ],
      "name": "Left_HandThumb1"
    },
    {
      "children": [
        47
      ],
      "matrix": [
        0.9581449627876282,
        0.026768706738948822,
        -0.2850320339202881,
        0.0,
        -0.038993798196315765,
        0.9985427856445313,
        -0.03730195760726929,
        0.0,
        0.2836175858974457,
        0.04685549437999725,
        0.9577916264533997,
        0.0,
        0.05317853018641472,
        0.00020635986584238708,
        0.0013114624889567494,
        1.0
      ],
      "name": "Left_HandThumb2"
    },
    {
      "children": [
        48
      ],
      "matrix": [
        0.9985898733139038,
        -1.4901161193847656e-08,
        0.053067684173583984,
        0.0,
        7.450580596923828e-08,
        0.9999998211860657,
        -7.897615432739258e-07,
        0.0,
        -0.05306750535964966,
        7.897615432739258e-07,
        0.9985904693603516,
        0.0,
        0.036748964339494705,
        0.0010417480953037739,
        0.002255554310977459,
        1.0
      ],
      "name": "Left_HandThumb3"
    },
    {
      "matrix": [
        0.9999997615814209,
        1.9371509552001953e-07,
        -8.642673492431641e-07,
        0.0,
        -1.4156103134155273e-07,
        0.9999995231628418,
        -2.086162567138672e-07,
        0.0,
        8.046627044677734e-07,
        2.5331974029541016e-07,
        0.9999980926513672,
        0.0,
        0.036564212292432785,
        0.001220520120114088,
        0.0010795899434015155,
        1.0
      ],
      "name": "Left_HandThumb_Tip"
    },
    {
      "children": [
        50
      ],
      "matrix": [
        0.9830950498580933,
        0.0017616013064980507,
        0.18309488892555237,
        0.0,
        -0.18298089504241943,
        0.046023301780223846,
        0.9820408225059509,
        0.0,
        -0.006696541793644428,
        -0.9989394545555115,
        0.045567288994789124,
        0.0,
        0.024307893589138985,
        -0.0026176758110523224,
        0.018018586561083794,
        1.0
      ],
      "name": "Left_HandIndex1"
    },
    {
      "children": [
        51
      ],
      "matrix": [
        0.9949074387550354,
        -0.004795491695404053,
        0.10070060938596725,
        0.0,
        0.006496310234069824,
        0.9998428225517273,
        -0.01656816154718399,
        0.0,
        -0.10060479491949081,
        0.017137907445430756,
        0.9947811365127563,
        0.0,
        0.07840894162654877,
        -0.002420501783490181,
        0.002285156399011612,
        1.0
      ],
      "name": "Left_HandIndex2"
    },
    {
      "children": [
        52
      ],
      "matrix": [
        0.9990182518959045,
        -0.03016352653503418,
        -0.032408520579338074,
        0.0,
        0.030099958181381226,
        0.9995434284210205,
        -0.0024478209670633078,
        0.0,
        0.0324675515294075,
        0.0014698756858706474,
        0.999472975730896,
        0.0,
        0.05025149881839752,
        0.00027949525974690914,
        -0.0028260499238967896,
        1.0
      ],
      "name": "Left_HandIndex3"
    },
    {
      "children": [
        53
      ],
      "matrix": [
        0.9996589422225952,
        -0.006992340087890625,
        0.025166664272546768,
        0.0,
        0.007053762674331665,
        0.9999732971191406,
        -0.0023514190688729286,
        0.0,
        -0.02514958754181862,
        0.0025282043498009443,
        0.9996803998947144,
        0.0,
        0.021598756313323975,
        8.283997158287093e-05,
        -0.0012689209543168545,
        1.0
      ],
      "name": "Left_HandIndex4"
    },
    {
      "matrix": [
        0.9999995827674866,
        3.5762786865234375e-06,
        -3.1280796974897385e-07,
        0.0,
